xxm SECOND mmmm 133

effa, 88 118881 qu'il 1881 distinguer entre 18 8811· j 888881 888 ligne 118118 18118 qu'il vous 8818188, 81
8881881 81 18 1188811888 81 888 1888 88 8888811 l 8881881 8118818188 corps tels 81 18818811 8888
1881888181· ni diminuet 18 18888 88888818, ι 8181188 8818 1888811888, en 8881118881 1888 888
mis 8118118 1118888 18 1118881188, 8811188· 88188 88888118, 8888 8881188 8888188888 881
81881188 18 88888 188 8881118 8811118811, 81 888 88188881 881· 88818188 118 88181888 vous 8888 pris,
8881 888· -111 8181118881 188 88888888 8818881888. quil y 81188 1881888818 8188 88881111 18 progr&
8881881·ιι8·818188818888888881 1 8888888888 18 mames 8188818
81118188 pom· 8118888818 881188 188 corps, 8818 pa· 888 1888 8881 8118818888188818, quil 18818811-
mut 88881 188888888118, 888 181118 88Ἣ818ζ88818888188188888118, 818818181888888
188188881888888888118818888ἩΞ88881118- qui 8881 811 8888881818 1188818118 88811 881
81888888 8811111888881888181811118,88181111888118881888ιι8 8888888818. 08118 18111881
1881 888818 811118 8 888 autre loi 18 18 Ν8- 8888118118 8188881 81818818 888 188118, 88 8111·
1888, 8118 j’ai 1188888118 81 1118881118, 81 888 1811888 88118188 1188818118. 81 1881888111 ε’ὁ· ’
118. 1188888188 118 888811 pus: 0881 88’11 88 8118 pom· 888 8881188, 881 conserve 1818888 81 18
88888888 888· 8811188881 18 8188 88881111 18 181188811888 81 88 un 881 188188 188 loix 8818181188
18888 88888818, 8818 888818 18 8188 8888· 188 88888, 888 8118181188 8188888888 8111181881
tite 18 118881188 8818 8881 8111 88’88 1888888181188881888811181888.

18 81881188 1888 18 88818 ¹) (881-1111811

¹) W. Nn. XXV. 1181. ἱ

,ψ-

’ 111881.
t 888888 1888888888 88 81818818

8881

cofflssJNchTloN DES SUBSTANCES.

1696.

1111818188 188 0888881 188 8888881881. 1691. 81. 111. p. m. — 1811118088. 81 11111888. 181811.
P. 1. 8. 11. .

-—---.-—---

18 88181188, monsieur, par 888 8111881888, 888 J 881881181 18 188118811881181 un 8888188 11811118
nmqu'undemes 8818 8 1811881118 1888 881818188881188 88118188888111888818-
blm! deParis 8 1188818 118181818888881. 88888 18 3. 881 18 1818181181· 888 deux 88818188

vom 88 8818818881 888, dites-vom, 8811181881 8888 18111 1881 8118181888, 81188 88 puisse 88·
18888881888888818888818188888118881188118 8118181888888111888 188811811811888818·
communionum, 88 1 118888818 18 deux 18118811’8888118 corps 1 18 81888 18 888 18811
8818188888 aussi 1111888188 888 1’ 8188 81 18 pend3ules leur 888811 81181 8181888 888 11188 18 888

' 888818. 11881 mi queje 81818 88 88811 18888118 18818 88811888 18 voye 1181188888 88188118
188881 81 88181 88818881 jo 88118818 8888 satis-¹ 18 18 1118888118 8818111188 8818 88888 188 88
fin, 11811888 8888 deux 18118888 88 8881188 881; 8881811 888888818 188 8881181188 8811881188 881
1888811881 8818118881. Or 8818 88 peut 18188 18 1 88188881 888888 1888 18 888 8118188888 1888 1818

³ 18818 8181118888.181.88881818 1888188 81888881881188181188188888 8888118881 111 888818

l

 

