101 min 1010111010 0001100110 11 00111000101101010111111

,11111110110011 y 11011(Ιοί1110100110,11011111110111100011· ¹ (1011010011οο n'cot 10011110 (1110 (lons 10 convniam,
110100 lingones. 11 y 0 (100 11011111110010011110000 qni (1001011110 noo 0011οἰ110 0011010011οο ponc nonno
11111010001111110 0100001( (10 1110100011 1101101111(εο 110011011011100101000011011. 1008οοί01000, nonnos
1110100110, 110110 11111010111100 11’01111000101001( 0001· 01 quelques 11111110, 11’011011110111 point 01110 ,11101100
1111111110 n'y cicnnront 110001 1001ιο01001 nt 000 1110- 1101111110, qni 00111011100101111111111001110,011100 Dion
11110100 00101001 10010010 bion 10011100, 01 01100 (1001 11100110 on bion 1100 1000001100( 111010 (11111 110
0011010111. 101000 1100 110 001110100111001 100111( qni ont (11011 110
11. Dono, 011 (101111111101100, 1101011011 0110111 11011101110110000110001110110110100 111100110011011,
010111111111011111, quo 10 0101010 (10001111101011001 11001101101111111000011101101000,0100111111111111111011.
10011111οι100 (100 11001111100000 0011 11 faico 0110101111 100 Sooinions 111 01010111 1110 011110 1001111111(οῑ1 01010
100 1100111100 1111 0101101 100 obligo 1 11101101 (10 bion 0110 0111 1011101110 10011110 cnm nn 10111011 110 00010·
101101 11110111011101οο1(011110111100“00001111,(111110(1 111000, qui 0011101110 00000010100111011011011, 111011
monn 110 1100111100 0111101011 010000010ωο01 por 0110010 100 811101 qni 10 101001, 00111010 11110 110110
(10011100 0011100 (1011(’100001111110000 pourton 1110. 0111011100 on 11010110 bonno 0101111001οτ0 0011101110
00 (1111001010, (100 01 10110000100101101111100000110, 100 00111110 1110110110. Ε1 10 ongo [1010101001 ayant
110011001110 (10 so 1011111100 10010110 (10 1011101111, 10011001, 01 ayant, 1100111001 (1110, 1001101110 01111·
00 (10 1010111011οπ nonin 10 1111101100 n 111111 1111 don· 1101001, 11 00111000 0000101100 110 no 1100 1111000110ος
noo 0101100110 contro 10 0011110010 1101000000. Si 10 1 1100 0011100001 1011101110, 1100011 101010 10 1101110 no
111011 00 10 0111111011 111000001100111100001110110110, ils ⁶ socviroit 1111101001111101 1101001100. inan (11101111 11
00101001 1110111001 cunis il n'on 0111 1100 ainsi. (110 ² n'anroit 1100 11100110, 01010000011111 y 0 0110 con·
1110001000 100011 0011111001 qno 1101 1000101011οο 110 1 1010000101100101111011011011110110001101110010001
100 (11010110, 0101 (0011000000011010011111000001110, ff 1101011011(ιωί bion 10 Sago 110 11100101 (100 0011011101
100 10010110 semion 0110 portio (100 0011000 (101 110 Ι 0011100011Ιο Et on 110010101001111011011 y 0 101 nn
condroiont (1100011001 11010100 10111111τί0000 110110 00110101111101001001110111(10110111111100101110011110
0111110011 (100 00010111 10 (1011110 011 1101110000 001- 1 0100001011, 01 10 011111010111 01 coniribnoit 11 tinniit
1111011010 nini, ou 1110110010 bion. (10110 0111001100 no 1 Porcii-e. On 11001 0110010 0000111101 001100 Grotius
(111111011111101110011000111111111000111110010 1101000011 10 norit 0001101110 8001111000, (10 10 0011010011οο 110
qu'on (11111000 11 in 0011110110, 00001-1110111111’1110111’·· ¹iinon-Christ, 01001100 0101Ιὶ110 y 11 1111011110.
000101101101101101101011110. Do 00110 (10·’0011001 11. 01010110110010011011101 1100 1101110110 1011·
(1110110000 (1111001111ιο001110110011101100101110011110 11000111, 1010 1011010 11001110 110 00110111 111110 idi·-
10 nitimini 11101111111100, 01 contro 10 0100001111 011- 10011101 (10 111011 01 quo 110 0111110 100 11’011111110110111
00100, 01 (1110110011111111001110101110011110 111110, qno (1101110011011101111 0011111100111, loro 1111010 1111011011 nn
000110 100110, cnon-finire 11011 (10 1001. 1 0011001 111110 n 0001111001 110110 10 11100. 0111100111110
12. 11 y 0 011 0001100110 1110111110 00110 1111111100 ξ 0111011110111 1100 los (1111111100 11’011110111 10010010 1111
1110011011 01Μ1. 1101111110, (1010101100101110110011110011 (1011101110 1100101110 1101110 1100100011 1111111111, 0111110
110 11010111 101011001- cilinio, 01 qni 11110001111010 11111101111001011110“011110111101110010110001110110010110
011110 1001 101001· 011 11111110101101 011 011 trouve 100- 1101110 110010001111011110 11011010 bico: 11111 01 11111-
100110 1111010 (1000111100 (111111Ι 011110101001111100110 110 otoni 1001111 001 1011111101110110 10 00010-
110111111 11 1111111110 1011 111116. fines sont 1001011011 110000,110101011(100110011001001111111111111110011
1101111110, ct 11’0111 1101111 11111 1101101110, 1111010 socho, 0011011110 10 0110010010001100110111111101 110 0111111·
111 1110111110 (10110 1010000111110111111100 1011010 110 10001. Gor 11 y 0 1100 (10111101 00110111 10 1101111111·
Μ1.1111111101. ,11110101001110110100011110100110 1101001110110011110010, (100010111ιο 0011000 11110100,
110 0111000110011101111101 0110101010011111011 (10110111 1 01 110 001111 1100 (00000 0110100100, (100 Dion 0 11101111
(11111 11’01011 1101111 11100111Ιο 10111 10111100001111011· 1 (10110 1110110111 000 connexion 0011010 noim 011 lo
0111110 (10 100110 0110010, nnis (1011 01011 10111011 11100011οι100 01011110 10 1000111100 011 1011011110 11011011,
00001, (1110. 111 1110000111 no 10111110010111101011011100 0000110111ιο 10 1110011110 soit ionjonro 01111110 1101
100 rogos (10 101110110011111110 0111101001110, 01110111· 10 0101111110, 01 (100 in 101111 01 10 1100 so procurent
1110Ιο1011 point 0111111011101111100111001100011011010. 100( 1100011οι100 01 10010111111110111, 011 0000111110(κο
13. 11 y 0 1100111101 0110 10111100 110 justice 01 0110 do 10001100011110110 11111011οο00, qni 0011110010110010
(01101110 00110 (10 1100111100εο( 01 (10 1100111000, qui nno 00110 0011100 (1·11010101110 1111111011110, (100 cdii
no 11111111 1100 01 011111100111011 001111 qui 0111101001 1101 qni 11111011 110110 10 001111110100110 111010 01110 0111110
0110 0111011111· absoluo, 011 y cn (11011. (1101 00110 1011111111,10010011001111111011001 1101010011υο 011
011110011011101110110111’11 point 111101 11111 1011100110· 1011001100, 0011011011ιί 111111 1001011101. 1001-1110
ncnc, ni 1010011110, 01 11101110 11 1110101100110 111111. 1 dono 1100 00110 00111οι10000 (00001011 1101 1011111111 ii

 

